A =

  Columns 1 through 16

     1     1     1     1     1     1     1     1     1     1     1     1     1     1     1     1
     1     1     1     1     1     1     1     1     1     1     1     1     1     1     1     1
     1     1     1     1     1     1     1     1     1     1     1     1     1     1     1     1
     1     1     1     1     1     1     1     1     1     1     1     1     1     1     1     1
     1     1     1     1     1     1     1     1     1     1     1     1     1     1     1     1
     1     1     1     1     1     1     1     1     1     1     1     1     1     1     1     1
     1     1     1     1     1     1     1     1     1     1     1     1     1     1     1     1
     1     1     1     1     1     1     1     1     1     1     1     1     1     1     1     1
     1     1     1     1     1     1     1     1     1     1     1     1     1     1     1     1
     1     1     1     1     1     1     1     1     1     1     1     1     1     1     1     1
     1     1     1     1     1     1     1     1     1     1     1     1     1     1     1     1
     1     1     1     1     1     1     1     1     1     1     1     1     1     1     1     1
     1     1     1     1     1     1     1     1     1     1     1     1     1     1     1     1
     1     1     1     1     1     1     1     1     1     1     1     1     1     1     1     1
     1     1     1     1     1     1     1     1     1     1     1     1     1     1     1     1
     1     1     1     1     1     1     1     1     1     1     1     1     1     1     1     1
     1     1     1     1     1     1     1     1     1     1     1     1     1     1     1     1
     1     1     1     1     1     1     1     1     1     1     1     1     1     1     1     1
     1     1     1     1     1     1     1     1     1     1     1     1     1     1     1     1
     1     1     1     1     1     1     1     1     1     1     1     1     1     1     1     1

  Columns 17 through 20

     1     1     1     1
     1     1     1     1
     1     1     1     1
     1     1     1     1
     1     1     1     1
     1     1     1     1
     1     1     1     1
     1     1     1     1
     1     1     1     1
     1     1     1     1
     1     1     1     1
     1     1     1     1
     1     1     1     1
     1     1     1     1
     1     1     1     1
     1     1     1     1
     1     1     1     1
     1     1     1     1
     1     1     1     1
     1     1     1     1


b =

     []


b =

     0


b =

     0
     1


b =

     0
     1
     2


b =

     0
     1
     2
     3


b =

     0
     1
     2
     3
     4


b =

     0
     1
     2
     3
     4
     5


b =

     0
     1
     2
     3
     4
     5
     6


b =

     0
     1
     2
     3
     4
     5
     6
     7


b =

     0
     1
     2
     3
     4
     5
     6
     7
     8


b =

     0
     1
     2
     3
     4
     5
     6
     7
     8
     9


b =

     0
     1
     2
     3
     4
     5
     6
     7
     8
     9
    10


b =

     0
     1
     2
     3
     4
     5
     6
     7
     8
     9
    10
    11


b =

     0
     1
     2
     3
     4
     5
     6
     7
     8
     9
    10
    11
    12


b =

     0
     1
     2
     3
     4
     5
     6
     7
     8
     9
    10
    11
    12
    13


b =

     0
     1
     2
     3
     4
     5
     6
     7
     8
     9
    10
    11
    12
    13
    14


b =

     0
     1
     2
     3
     4
     5
     6
     7
     8
     9
    10
    11
    12
    13
    14
    15


b =

     0
     1
     2
     3
     4
     5
     6
     7
     8
     9
    10
    11
    12
    13
    14
    15
    16


b =

     0
     1
     2
     3
     4
     5
     6
     7
     8
     9
    10
    11
    12
    13
    14
    15
    16
    17


b =

     0
     1
     2
     3
     4
     5
     6
     7
     8
     9
    10
    11
    12
    13
    14
    15
    16
    17
    18


b =

     0
     1
     2
     3
     4
     5
     6
     7
     8
     9
    10
    11
    12
    13
    14
    15
    16
    17
    18
    19


U =

  Columns 1 through 9

   -0.2236   -0.2236   -0.2236   -0.2236   -0.2236   -0.2236   -0.2236   -0.2236   -0.2236
   -0.2236   -0.0409   -0.0409   -0.0409   -0.0409   -0.0409   -0.0409   -0.0409   -0.0409
   -0.2236    0.9591   -0.0409   -0.0409   -0.0409   -0.0409   -0.0409   -0.0409   -0.0409
   -0.2236   -0.0409    0.9591   -0.0409   -0.0409   -0.0409   -0.0409   -0.0409   -0.0409
   -0.2236   -0.0409   -0.0409    0.9591   -0.0409   -0.0409   -0.0409   -0.0409   -0.0409
   -0.2236   -0.0409   -0.0409   -0.0409    0.9591   -0.0409   -0.0409   -0.0409   -0.0409
   -0.2236   -0.0409   -0.0409   -0.0409   -0.0409    0.9591   -0.0409   -0.0409   -0.0409
   -0.2236   -0.0409   -0.0409   -0.0409   -0.0409   -0.0409    0.9591   -0.0409   -0.0409
   -0.2236   -0.0409   -0.0409   -0.0409   -0.0409   -0.0409   -0.0409    0.9591   -0.0409
   -0.2236   -0.0409   -0.0409   -0.0409   -0.0409   -0.0409   -0.0409   -0.0409    0.9591
   -0.2236   -0.0409   -0.0409   -0.0409   -0.0409   -0.0409   -0.0409   -0.0409   -0.0409
   -0.2236   -0.0409   -0.0409   -0.0409   -0.0409   -0.0409   -0.0409   -0.0409   -0.0409
   -0.2236   -0.0409   -0.0409   -0.0409   -0.0409   -0.0409   -0.0409   -0.0409   -0.0409
   -0.2236   -0.0409   -0.0409   -0.0409   -0.0409   -0.0409   -0.0409   -0.0409   -0.0409
   -0.2236   -0.0409   -0.0409   -0.0409   -0.0409   -0.0409   -0.0409   -0.0409   -0.0409
   -0.2236   -0.0409   -0.0409   -0.0409   -0.0409   -0.0409   -0.0409   -0.0409   -0.0409
   -0.2236   -0.0409   -0.0409   -0.0409   -0.0409   -0.0409   -0.0409   -0.0409   -0.0409
   -0.2236   -0.0409   -0.0409   -0.0409   -0.0409   -0.0409   -0.0409   -0.0409   -0.0409
   -0.2236   -0.0409   -0.0409   -0.0409   -0.0409   -0.0409   -0.0409   -0.0409   -0.0409
   -0.2236   -0.0409   -0.0409   -0.0409   -0.0409   -0.0409   -0.0409   -0.0409   -0.0409

  Columns 10 through 18

   -0.2236   -0.2236   -0.2236   -0.2236   -0.2236   -0.2236   -0.2236   -0.2236   -0.2236
   -0.0409   -0.0409   -0.0409   -0.0409   -0.0409   -0.0409   -0.0409   -0.0409   -0.0409
   -0.0409   -0.0409   -0.0409   -0.0409   -0.0409   -0.0409   -0.0409   -0.0409   -0.0409
   -0.0409   -0.0409   -0.0409   -0.0409   -0.0409   -0.0409   -0.0409   -0.0409   -0.0409
   -0.0409   -0.0409   -0.0409   -0.0409   -0.0409   -0.0409   -0.0409   -0.0409   -0.0409
   -0.0409   -0.0409   -0.0409   -0.0409   -0.0409   -0.0409   -0.0409   -0.0409   -0.0409
   -0.0409   -0.0409   -0.0409   -0.0409   -0.0409   -0.0409   -0.0409   -0.0409   -0.0409
   -0.0409   -0.0409   -0.0409   -0.0409   -0.0409   -0.0409   -0.0409   -0.0409   -0.0409
   -0.0409   -0.0409   -0.0409   -0.0409   -0.0409   -0.0409   -0.0409   -0.0409   -0.0409
   -0.0409   -0.0409   -0.0409   -0.0409   -0.0409   -0.0409   -0.0409   -0.0409   -0.0409
    0.9591   -0.0409   -0.0409   -0.0409   -0.0409   -0.0409   -0.0409   -0.0409   -0.0409
   -0.0409    0.9591   -0.0409   -0.0409   -0.0409   -0.0409   -0.0409   -0.0409   -0.0409
   -0.0409   -0.0409    0.9591   -0.0409   -0.0409   -0.0409   -0.0409   -0.0409   -0.0409
   -0.0409   -0.0409   -0.0409    0.9591   -0.0409   -0.0409   -0.0409   -0.0409   -0.0409
   -0.0409   -0.0409   -0.0409   -0.0409    0.9591   -0.0409   -0.0409   -0.0409   -0.0409
   -0.0409   -0.0409   -0.0409   -0.0409   -0.0409    0.9591   -0.0409   -0.0409   -0.0409
   -0.0409   -0.0409   -0.0409   -0.0409   -0.0409   -0.0409    0.9591   -0.0409   -0.0409
   -0.0409   -0.0409   -0.0409   -0.0409   -0.0409   -0.0409   -0.0409    0.9591   -0.0409
   -0.0409   -0.0409   -0.0409   -0.0409   -0.0409   -0.0409   -0.0409   -0.0409    0.9591
   -0.0409   -0.0409   -0.0409   -0.0409   -0.0409   -0.0409   -0.0409   -0.0409   -0.0409

  Columns 19 through 20

   -0.2236   -0.2236
   -0.0409    0.9591
   -0.0409   -0.0409
   -0.0409   -0.0409
   -0.0409   -0.0409
   -0.0409   -0.0409
   -0.0409   -0.0409
   -0.0409   -0.0409
   -0.0409   -0.0409
   -0.0409   -0.0409
   -0.0409   -0.0409
   -0.0409   -0.0409
   -0.0409   -0.0409
   -0.0409   -0.0409
   -0.0409   -0.0409
   -0.0409   -0.0409
   -0.0409   -0.0409
   -0.0409   -0.0409
   -0.0409   -0.0409
    0.9591   -0.0409


E =

  Columns 1 through 9

   20.0000         0         0         0         0         0         0         0         0
         0         0         0         0         0         0         0         0         0
         0         0         0         0         0         0         0         0         0
         0         0         0         0         0         0         0         0         0
         0         0         0         0         0         0         0         0         0
         0         0         0         0         0         0         0         0         0
         0         0         0         0         0         0         0         0         0
         0         0         0         0         0         0         0         0         0
         0         0         0         0         0         0         0         0         0
         0         0         0         0         0         0         0         0         0
         0         0         0         0         0         0         0         0         0
         0         0         0         0         0         0         0         0         0
         0         0         0         0         0         0         0         0         0
         0         0         0         0         0         0         0         0         0
         0         0         0         0         0         0         0         0         0
         0         0         0         0         0         0         0         0         0
         0         0         0         0         0         0         0         0         0
         0         0         0         0         0         0         0         0         0
         0         0         0         0         0         0         0         0         0
         0         0         0         0         0         0         0         0         0

  Columns 10 through 18

         0         0         0         0         0         0         0         0         0
         0         0         0         0         0         0         0         0         0
         0         0         0         0         0         0         0         0         0
         0         0         0         0         0         0         0         0         0
         0         0         0         0         0         0         0         0         0
         0         0         0         0         0         0         0         0         0
         0         0         0         0         0         0         0         0         0
         0         0         0         0         0         0         0         0         0
         0         0         0         0         0         0         0         0         0
         0         0         0         0         0         0         0         0         0
         0         0         0         0         0         0         0         0         0
         0         0         0         0         0         0         0         0         0
         0         0         0         0         0         0         0         0         0
         0         0         0         0         0         0         0         0         0
         0         0         0         0         0         0         0         0         0
         0         0         0         0         0         0         0         0         0
         0         0         0         0         0         0         0         0         0
         0         0         0         0         0         0         0         0         0
         0         0         0         0         0         0         0         0         0
         0         0         0         0         0         0         0         0         0

  Columns 19 through 20

         0         0
         0         0
         0         0
         0         0
         0         0
         0         0
         0         0
         0         0
         0         0
         0         0
         0         0
         0         0
         0         0
         0         0
         0         0
         0         0
         0         0
         0         0
         0         0
         0         0


V =

  Columns 1 through 9

   -0.2236         0         0         0         0         0         0         0         0
   -0.2236   -0.2294   -0.2294   -0.2294   -0.2294   -0.2294   -0.2294   -0.2294   -0.2294
   -0.2236    0.9572   -0.0428   -0.0428   -0.0428   -0.0428   -0.0428   -0.0428   -0.0428
   -0.2236   -0.0428    0.9572   -0.0428   -0.0428   -0.0428   -0.0428   -0.0428   -0.0428
   -0.2236   -0.0428   -0.0428    0.9572   -0.0428   -0.0428   -0.0428   -0.0428   -0.0428
   -0.2236   -0.0428   -0.0428   -0.0428    0.9572   -0.0428   -0.0428   -0.0428   -0.0428
   -0.2236   -0.0428   -0.0428   -0.0428   -0.0428    0.9572   -0.0428   -0.0428   -0.0428
   -0.2236   -0.0428   -0.0428   -0.0428   -0.0428   -0.0428    0.9572   -0.0428   -0.0428
   -0.2236   -0.0428   -0.0428   -0.0428   -0.0428   -0.0428   -0.0428    0.9572   -0.0428
   -0.2236   -0.0428   -0.0428   -0.0428   -0.0428   -0.0428   -0.0428   -0.0428    0.9572
   -0.2236   -0.0428   -0.0428   -0.0428   -0.0428   -0.0428   -0.0428   -0.0428   -0.0428
   -0.2236   -0.0428   -0.0428   -0.0428   -0.0428   -0.0428   -0.0428   -0.0428   -0.0428
   -0.2236   -0.0428   -0.0428   -0.0428   -0.0428   -0.0428   -0.0428   -0.0428   -0.0428
   -0.2236   -0.0428   -0.0428   -0.0428   -0.0428   -0.0428   -0.0428   -0.0428   -0.0428
   -0.2236   -0.0428   -0.0428   -0.0428   -0.0428   -0.0428   -0.0428   -0.0428   -0.0428
   -0.2236   -0.0428   -0.0428   -0.0428   -0.0428   -0.0428   -0.0428   -0.0428   -0.0428
   -0.2236   -0.0428   -0.0428   -0.0428   -0.0428   -0.0428   -0.0428   -0.0428   -0.0428
   -0.2236   -0.0428   -0.0428   -0.0428   -0.0428   -0.0428   -0.0428   -0.0428   -0.0428
   -0.2236   -0.0428   -0.0428   -0.0428   -0.0428   -0.0428   -0.0428   -0.0428   -0.0428
   -0.2236   -0.0428   -0.0428   -0.0428   -0.0428   -0.0428   -0.0428   -0.0428   -0.0428

  Columns 10 through 18

         0         0         0         0         0         0         0         0         0
   -0.2294   -0.2294   -0.2294   -0.2294   -0.2294   -0.2294   -0.2294   -0.2294   -0.2294
   -0.0428   -0.0428   -0.0428   -0.0428   -0.0428   -0.0428   -0.0428   -0.0428   -0.0428
   -0.0428   -0.0428   -0.0428   -0.0428   -0.0428   -0.0428   -0.0428   -0.0428   -0.0428
   -0.0428   -0.0428   -0.0428   -0.0428   -0.0428   -0.0428   -0.0428   -0.0428   -0.0428
   -0.0428   -0.0428   -0.0428   -0.0428   -0.0428   -0.0428   -0.0428   -0.0428   -0.0428
   -0.0428   -0.0428   -0.0428   -0.0428   -0.0428   -0.0428   -0.0428   -0.0428   -0.0428
   -0.0428   -0.0428   -0.0428   -0.0428   -0.0428   -0.0428   -0.0428   -0.0428   -0.0428
   -0.0428   -0.0428   -0.0428   -0.0428   -0.0428   -0.0428   -0.0428   -0.0428   -0.0428
   -0.0428   -0.0428   -0.0428   -0.0428   -0.0428   -0.0428   -0.0428   -0.0428   -0.0428
    0.9572   -0.0428   -0.0428   -0.0428   -0.0428   -0.0428   -0.0428   -0.0428   -0.0428
   -0.0428    0.9572   -0.0428   -0.0428   -0.0428   -0.0428   -0.0428   -0.0428   -0.0428
   -0.0428   -0.0428    0.9572   -0.0428   -0.0428   -0.0428   -0.0428   -0.0428   -0.0428
   -0.0428   -0.0428   -0.0428    0.9572   -0.0428   -0.0428   -0.0428   -0.0428   -0.0428
   -0.0428   -0.0428   -0.0428   -0.0428    0.9572   -0.0428   -0.0428   -0.0428   -0.0428
   -0.0428   -0.0428   -0.0428   -0.0428   -0.0428    0.9572   -0.0428   -0.0428   -0.0428
   -0.0428   -0.0428   -0.0428   -0.0428   -0.0428   -0.0428    0.9572   -0.0428   -0.0428
   -0.0428   -0.0428   -0.0428   -0.0428   -0.0428   -0.0428   -0.0428    0.9572   -0.0428
   -0.0428   -0.0428   -0.0428   -0.0428   -0.0428   -0.0428   -0.0428   -0.0428    0.9572
   -0.0428   -0.0428   -0.0428   -0.0428   -0.0428   -0.0428   -0.0428   -0.0428   -0.0428

  Columns 19 through 20

         0    0.9747
   -0.2294   -0.0513
   -0.0428   -0.0513
   -0.0428   -0.0513
   -0.0428   -0.0513
   -0.0428   -0.0513
   -0.0428   -0.0513
   -0.0428   -0.0513
   -0.0428   -0.0513
   -0.0428   -0.0513
   -0.0428   -0.0513
   -0.0428   -0.0513
   -0.0428   -0.0513
   -0.0428   -0.0513
   -0.0428   -0.0513
   -0.0428   -0.0513
   -0.0428   -0.0513
   -0.0428   -0.0513
   -0.0428   -0.0513
    0.9572   -0.0513


E =

   20.0000


X =

    0.1454
   -0.0726
    0.0987
    0.1487
    0.1987
    0.2487
    0.2987
    0.3487
    0.3987
    0.4487
    0.4987
    0.5487
    0.5987
    0.6487
    0.6987
    0.7487
    0.7987
    0.8487
    0.8987
    0.9487


ans =

    0.1454
   -0.0726
    0.0987
    0.1487
    0.1987
    0.2487
    0.2987
    0.3487
    0.3987
    0.4487
    0.4987
    0.5487
    0.5987
    0.6487
    0.6987
    0.7487
    0.7987
    0.8487
    0.8987
    0.9487
